9 0.4518229166666667 0.251953125 0.2864583333333333 0.25390625
12 0.2962239583333333 0.3017578125 0.14192708333333334 0.16015625
15 0.2923177083333333 0.2646484375 0.11067708333333333 0.205078125
9 0.298828125 0.703125 0.08203125 0.048828125
9 0.2936197916666667 0.666015625 0.044270833333333336 0.021484375
2 0.29296875 0.52392578125 0.040364583333333336 0.044921875
2 0.2942708333333333 0.4580078125 0.033854166666666664 0.044921875
13 0.29296875 0.82421875 0.028645833333333332 0.0078125
13 0.2897135416666667 0.86669921875 0.02734375 0.0068359375
13 0.30859375 0.642578125 0.03125 0.0087890625
13 0.302734375 0.7529296875 0.03515625 0.005859375