2 0.30804150453955903 0.31103515625 0.1608300907911803 0.14453125
2 0.2619974059662776 0.853515625 0.07522697795071336 0.0400390625
2 0.27367055771725035 0.734375 0.09208819714656291 0.0576171875
2 0.2924773022049287 0.52783203125 0.1245136186770428 0.087890625
2 0.30609597924773024 0.43310546875 0.11284046692607004 0.09375
2 0.3216601815823606 0.17138671875 0.14396887159533073 0.095703125
2 0.27367055771725035 0.669921875 0.11802853437094682 0.095703125
2 0.2723735408560311 0.73779296875 0.09208819714656291 0.0703125
2 0.27626459143968873 0.7978515625 0.08041504539559015 0.0517578125
7 0.26718547341115434 0.58740234375 0.11802853437094682 0.064453125
8 0.24124513618677043 0.28173828125 0.10246433203631647 0.1328125
10 0.2788586251621271 0.83447265625 0.11802853437094682 0.0263671875