1 0.477265625 0.5089453125 0.205390625 0.120703125
1 0.37078125 0.4369921875 0.1651171875 0.1001171875
4 0.9021484375 0.5505078125 0.1957421875 0.16265625
8 0.256484375 0.30765625 0.1667578125 0.1153125
4 0.1442578125 0.3228515625 0.1149609375 0.0815625
4 0.5669140625 0.233828125 0.0853125 0.072109375
8 0.5167578125 0.2558203125 0.086953125 0.070859375
8 0.6567578125 0.22703125 0.1194140625 0.095546875
1 0.7476171875 0.477890625 0.1087109375 0.1531640625
8 0.53875 0.38375 0.23375 0.153984375
8 0.6388671875 0.351875 0.2242578125 0.1519140625