12 0.640625 0.5234375 0.18229166666666666 0.2421875
13 0.638671875 0.32177734375 0.036458333333333336 0.0107421875
13 0.6315104166666666 0.33740234375 0.028645833333333332 0.0068359375
13 0.6373697916666666 0.28955078125 0.026041666666666668 0.01171875
4 0.6627604166666666 0.234375 0.052083333333333336 0.068359375
11 0.6575520833333334 0.17529296875 0.041666666666666664 0.0244140625
15 0.685546875 0.18212890625 0.037760416666666664 0.0693359375
15 0.6412760416666666 0.82958984375 0.12369791666666667 0.0908203125
2 0.6282552083333334 0.7001953125 0.029947916666666668 0.06640625
8 0.6223958333333334 0.763671875 0.049479166666666664 0.048828125
4 0.6529947916666666 0.66455078125 0.04296875 0.03515625
9 0.49609375 0.83642578125 0.16276041666666666 0.0771484375