12 0.53125 0.39453125 0.322265625 0.13671875
13 0.2623697916666667 0.39599609375 0.013671875 0.02734375
13 0.283203125 0.4013671875 0.009765625 0.02197265625
13 0.21940104166666666 0.39697265625 0.015625 0.01953125
4 0.14583333333333334 0.3779296875 0.091796875 0.0390625
11 0.06705729166666667 0.3818359375 0.032552083333333336 0.03125
15 0.076171875 0.36083984375 0.09309895833333333 0.02880859375
15 0.939453125 0.39404296875 0.12109375 0.09326171875
2 0.7669270833333334 0.40380859375 0.08854166666666667 0.02197265625
8 0.8515625 0.408203125 0.06575520833333333 0.03662109375
4 0.7194010416666666 0.38525390625 0.046875 0.03271484375
9 0.9485677083333334 0.5029296875 0.10221354166666667 0.1220703125