9 0.8307291666666666 0.4638671875 0.3385416666666667 0.21484375
12 0.7643229166666666 0.34716796875 0.212890625 0.1064453125
15 0.8138020833333334 0.34423828125 0.2727864583333333 0.08251953125
9 0.22916666666666666 0.34912109375 0.064453125 0.0615234375
9 0.2786458333333333 0.34521484375 0.028645833333333332 0.033203125
2 0.4680989583333333 0.3447265625 0.059895833333333336 0.0302734375
2 0.5559895833333334 0.345703125 0.059244791666666664 0.02587890625
13 0.06770833333333333 0.3447265625 0.010416666666666666 0.02197265625
13 0.011067708333333334 0.34228515625 0.008463541666666666 0.02001953125
13 0.3098958333333333 0.3564453125 0.01171875 0.0234375
13 0.16276041666666666 0.35205078125 0.008463541666666666 0.02587890625