2 0.691958495460441 0.68896484375 0.1608300907911803 0.14453125
2 0.7380025940337225 0.146484375 0.07522697795071336 0.0400390625
2 0.7263294422827496 0.265625 0.09208819714656291 0.0576171875
2 0.7075226977950714 0.47216796875 0.1245136186770428 0.087890625
2 0.6939040207522698 0.56689453125 0.11284046692607004 0.09375
2 0.6783398184176395 0.82861328125 0.14396887159533073 0.095703125
2 0.7263294422827496 0.330078125 0.11802853437094682 0.095703125
2 0.7276264591439688 0.26220703125 0.09208819714656291 0.0703125
2 0.7237354085603113 0.2021484375 0.08041504539559015 0.0517578125
7 0.7328145265888456 0.41259765625 0.11802853437094682 0.064453125
8 0.7587548638132295 0.71826171875 0.10246433203631647 0.1328125
10 0.7211413748378729 0.16552734375 0.11802853437094682 0.0263671875