2 0.7509727626459144 0.35546875 0.19130998702983137 0.12109375
2 0.0304798962386511 0.32080078125 0.05317769130998703 0.056640625
2 0.188715953307393 0.32958984375 0.07652399481193256 0.06982421875
2 0.46303501945525294 0.34375 0.11673151750972763 0.09326171875
2 0.5888456549935149 0.35400390625 0.1245136186770428 0.0849609375
2 0.9364461738002594 0.36572265625 0.12710765239948119 0.1083984375
2 0.27431906614785995 0.32958984375 0.12710765239948119 0.0888671875
2 0.18417639429312582 0.32861328125 0.0940337224383917 0.06982421875
2 0.10440985732814527 0.33154296875 0.06939040207522698 0.060546875
7 0.383916990920882 0.32470703125 0.08560311284046693 0.08837890625
8 0.7898832684824902 0.30517578125 0.17574578469520102 0.07763671875
10 0.055771725032425425 0.33349609375 0.03501945525291829 0.08935546875